12760
92493
13200
92051
12346
91942
10498
10624
11857
92502
92597
90406
92547
92317
12028
92573
92100
92548
10569
92516
12969
10533
11440
11234
12913
92532
92399
92308
10438
92539
92187
13353
92465
92517
10310
12588
12095
10680
92512
92096
10493
11885
10472
10434
12941
92447
12961
12727
10347
92520
92582
12877
92525
10254
92506
10931
92500
10611
92499
10200
10270
10095
13334
92518
91752
12610
10132
92592
13178
92607
92558
12192
92146
10344
10494
13321
13233
10538
92082
92445
92329
10645
10458
92446
92522
92111
92325
11012
13048
10288
92570
12070
92536
92216
12970
92552
10133
11315
92481
12168
92084
11568
12539
92265
92601
92591
10409
10117
92580
91218
92495
92376
91659
92302
11786
11463
10559
10188
92588
10500
10662
11878
10312
12948
10415
12146
10245
92400
92109
12458
92562
92608
92529
10163
12616
11778
10970
92579
92496
92565
10353
92147
11218
92238
92276
91579
11628
11488
10625
92169
92546
12817
10044
10130
92511
10242
11860
12416
92571
10305
10297
10165
11870
92327
10920
12386
10231
10059
13348
10367
11695
10919
11444
11396
10150
92598
92523
11010
92213
92186
12026
10204
13388
10172
11560
12293
10590
92510
12030
10556
10375
10285
10140
90415
11932
92239
92531
92533
10503
10915
92330
12128
92479
92568
92361
12640
92593
10380
12116
12881
10414
10226
92557
11872
10948
92485
92528
10384
10942
13261
92324
10354
92504
11180
10454
12726
92583
10485
10408
92424
11489
91832
12067
11275
12400
92273
92602
12150
92594
11527
92561
92491
12053
10341
13363
92188
10589
12102
92498
92199
92581
11000
92484
12997
92559
10399
10184
92596
11603
11001
92507
92549
11629
10342
10136
10348
10271
10907
10557
12624
10597
12602
11013
12075
92566
92208
10298
92595
11011
12876
10600
10930
10256
92587
12947
92478
12536
92198
10396
10234
92501
92560
11828
11992
92530
92375
92126
92410
92425
12965
10737
92284
10225
10599
10318
10176
92563
10904
92556
92477
92115
92426
92550
10446
11876
10541
92521
92567
92535
11841
12799
12960
92469
10386
92553
10201
92584
92328
92482
12016
12375
10212
10275
92181
92102
91671
92590
10544
12015
92085
12167
92378
92370
10300
92575
92585
10959
10393
10336
92519
10223
92514
92494
92487
92538
92586
92599
10565
92461
92428
10903
11435
12906
92319
12415
10436
13173
10362
92577
13234
92569
91978
10170
92515
92354
92297
92589
12403
11136
12494
12568
11286
12274
12365
11024
12444
11697
12667
10535
91975
12446
